60 60
0 7
0 14
0 20
0 25
0 30
0 39
0 46
0 51
0 54
0 59
0 66
0 77
0 86
0 88
0 95
0 101
0 109
0 117
1 48
1 69
1 83
1 90
1 92
1 106
2 1
2 9
2 24
2 30
2 37
2 42
2 60
2 88
2 95
3 4
3 15
3 18
3 20
3 22
3 28
3 32
3 46
3 50
3 57
3 64
3 75
3 101
3 104
3 111
3 117
4 10
4 35
4 38
4 52
4 80
4 87
4 95
4 98
5 24
5 43
5 54
5 61
5 67
6 5
6 10
6 12
6 27
6 48
6 56
6 58
6 70
6 74
6 82
6 91
6 106
6 112
7 0
7 16
7 31
7 34
7 37
7 40
7 50
7 52
7 78
7 84
7 96
7 100
7 102
7 104
8 3
8 6
8 24
8 46
8 62
8 68
8 87
8 90
8 108
8 113
8 116
9 9
9 18
9 43
9 56
9 94
9 118
10 1
10 6
10 14
10 39
10 46
10 49
10 54
10 58
10 67
10 71
10 76
10 78
10 81
10 89
10 107
11 12
11 21
11 31
11 36
11 52
11 62
11 84
11 98
11 103
12 1
12 7
12 26
12 38
12 42
12 46
12 66
12 72
12 76
12 80
12 90
12 96
13 15
13 34
13 55
13 68
13 78
13 88
13 92
13 109
13 114
13 117
14 0
14 3
14 6
14 8
14 12
14 18
14 24
14 26
14 32
14 37
14 40
14 45
14 58
14 60
14 64
14 72
14 74
14 76
14 81
14 95
14 99
14 103
15 30
15 50
15 85
15 112
16 0
16 16
16 22
16 27
16 37
16 46
16 48
16 52
16 64
16 78
16 90
16 93
16 102
16 110
16 114
16 117
17 4
17 7
17 18
17 34
17 44
17 55
17 58
17 106
18 2
18 10
18 14
18 16
18 24
18 41
18 62
18 67
18 72
18 82
18 86
18 88
18 90
18 100
18 110
18 116
19 12
19 21
19 28
19 36
19 70
19 74
19 79
19 84
19 93
19 104
20 2
20 5
20 16
20 32
20 50
20 60
20 62
20 65
20 68
20 76
20 86
20 99
20 107
20 112
20 116
21 43
21 55
21 58
21 110
21 114
22 6
22 13
22 18
22 31
22 40
22 52
22 60
22 62
22 64
22 67
22 73
22 77
22 81
22 85
22 89
22 105
23 47
23 95
23 99
24 0
24 4
24 11
24 30
24 34
24 51
24 57
24 66
24 79
24 83
24 88
24 91
24 103
24 111
24 114
24 118
25 19
25 25
25 36
25 62
25 68
25 70
25 75
25 86
25 116
26 1
26 15
26 22
26 30
26 41
26 51
26 64
26 80
26 83
26 88
26 94
26 103
26 107
27 12
27 28
27 32
27 47
27 54
27 59
27 72
27 98
27 100
27 112
28 16
28 26
28 37
28 50
28 62
28 67
28 79
28 86
28 96
28 102
28 104
29 1
29 4
29 6
29 10
29 23
29 34
29 42
29 56
29 76
29 92
30 16
30 38
30 52
30 54
30 58
30 71
30 74
30 82
30 94
30 97
30 100
30 112
31 13
31 19
31 28
31 31
31 47
31 50
31 61
31 64
31 66
31 80
31 87
31 102
31 107
31 117
32 1
32 7
32 38
32 52
32 55
32 69
32 73
32 76
32 82
32 92
32 104
32 112
33 16
33 23
33 26
33 42
33 58
33 78
33 84
33 95
33 100
34 0
34 11
34 14
34 18
34 34
34 45
34 48
34 56
34 65
34 69
34 81
34 98
34 106
34 117
35 3
35 7
35 30
35 38
35 52
35 61
35 72
35 76
35 86
35 91
35 109
36 0
36 20
36 22
36 36
36 41
36 44
36 67
36 88
36 96
36 101
36 104
36 113
36 117
37 14
37 17
37 24
37 74
37 80
37 82
37 84
38 2
38 7
38 12
38 20
38 26
38 41
38 46
38 55
38 59
38 70
38 76
38 87
38 102
38 106
38 108
39 0
39 28
39 33
39 48
39 68
39 99
39 104
40 3
40 6
40 8
40 17
40 21
40 38
40 41
40 51
40 62
40 66
40 74
40 76
40 78
40 84
40 89
40 92
40 108
40 112
40 117
41 10
41 30
41 36
41 45
41 58
41 72
41 82
41 86
41 96
42 0
42 4
42 16
42 19
42 22
42 38
42 55
42 64
42 70
42 80
42 104
42 112
43 2
43 7
43 13
43 25
43 34
43 67
43 75
43 109
44 4
44 16
44 32
44 40
44 48
44 52
44 54
44 56
44 58
44 70
44 80
44 91
44 99
44 104
44 112
44 114
45 0
45 29
45 44
45 61
45 86
45 96
45 116
46 8
46 10
46 24
46 35
46 46
46 49
46 52
46 55
46 77
46 80
46 83
46 92
46 94
46 103
46 106
46 109
47 5
47 12
47 14
47 21
47 42
47 58
47 74
47 99
47 113
48 1
48 31
48 39
48 49
48 55
48 84
48 102
48 105
49 16
49 18
49 24
49 26
49 36
49 45
49 78
49 87
49 108
49 117
50 6
50 10
50 12
50 14
50 32
50 38
50 48
50 54
50 80
50 96
50 100
50 104
50 112
51 1
51 40
51 50
51 61
51 69
51 73
51 83
51 91
51 110
52 18
52 22
52 24
52 32
52 42
52 56
52 94
52 104
52 106
52 112
52 114
53 5
53 9
53 12
53 20
53 29
53 35
53 45
53 66
53 80
53 86
53 108
53 118
54 18
54 24
54 54
54 77
54 105
54 110
55 38
55 41
55 51
55 63
55 95
55 99
55 102
56 1
56 8
56 12
56 21
56 27
56 44
56 48
56 72
56 75
56 86
56 90
56 109
56 114
57 5
57 15
57 35
57 60
57 81
57 105
57 118
58 8
58 11
58 18
58 26
58 31
58 38
58 40
58 46
58 52
58 58
58 69
58 73
58 76
58 92
59 22
59 56
59 86
59 88
59 114
60 2
60 7
60 27
60 38
60 41
60 44
60 62
60 67
60 73
60 77
60 80
60 91
60 98
60 102
61 10
61 16
61 18
61 32
61 49
61 53
61 83
61 94
61 106
61 111
62 1
62 8
62 14
62 34
62 44
62 46
62 57
62 61
62 70
62 73
62 80
62 96
62 102
63 21
63 26
63 30
63 37
63 42
63 65
63 88
63 90
63 98
63 100
63 108
63 118
64 2
64 4
64 40
64 44
64 51
64 54
64 61
64 68
64 74
64 77
64 82
64 86
64 102
64 115
65 7
65 11
65 14
65 16
65 18
65 48
65 57
66 20
66 26
66 30
66 34
66 38
66 40
66 44
66 62
66 66
66 82
66 98
66 101
66 104
66 107
67 1
67 24
67 64
67 69
67 73
67 80
67 84
67 88
67 95
67 111
68 5
68 21
68 34
68 44
68 50
68 55
68 58
68 61
68 76
68 90
68 100
68 103
68 106
68 116
69 17
69 26
69 30
69 38
69 40
69 66
69 78
70 0
70 8
70 24
70 34
70 36
70 43
70 46
70 52
70 58
70 60
70 64
70 72
70 76
70 80
70 88
70 93
70 101
70 106
70 108
70 112
70 118
71 12
71 21
71 68
71 70
71 82
71 85
71 110
71 115
72 4
72 16
72 27
72 40
72 43
72 49
72 54
72 65
72 72
72 75
72 79
72 101
72 106
73 8
73 37
73 46
73 59
73 89
73 92
73 97
74 0
74 24
74 30
74 40
74 42
74 49
74 54
74 56
74 67
74 74
74 82
74 86
74 94
74 103
74 111
74 115
74 118
75 14
75 17
75 22
75 32
75 44
75 52
75 77
76 8
76 12
76 20
76 26
76 28
76 42
76 46
76 49
76 57
76 62
76 65
76 68
76 81
76 85
76 90
76 105
76 108
76 114
77 2
77 5
77 10
77 70
77 92
77 117
78 21
78 26
78 34
78 38
78 41
78 45
78 49
78 54
78 58
78 62
78 67
78 78
78 86
78 95
78 100
78 105
79 0
79 8
79 12
79 84
79 102
80 17
80 23
80 27
80 30
80 46
80 52
80 73
80 82
80 92
80 104
80 115
81 20
81 32
81 42
81 44
81 61
81 90
81 98
81 100
81 107
81 110
81 112
81 118
82 8
82 12
82 23
82 30
82 36
82 40
82 46
82 49
82 52
82 54
82 57
82 66
82 76
82 81
82 87
82 94
83 1
83 17
83 27
83 114
84 4
84 8
84 13
84 22
84 30
84 33
84 40
84 46
84 50
84 52
84 54
84 58
84 65
84 70
84 102
84 104
84 108
84 117
85 61
85 76
85 78
85 83
85 86
85 88
85 96
86 2
86 6
86 15
86 23
86 32
86 35
86 39
86 48
86 50
86 55
86 69
86 73
86 80
86 91
86 94
86 100
86 102
86 104
86 107
86 110
86 118
87 8
87 18
87 27
87 66
87 114
88 0
88 2
88 10
88 21
88 24
88 51
88 54
88 58
88 63
88 74
88 91
88 98
88 108
88 117
89 4
89 30
89 37
89 40
89 43
89 47
89 70
89 76
89 88
89 96
89 103
89 106
89 111
90 7
90 16
90 23
90 32
90 34
90 51
90 61
90 67
90 73
90 80
90 85
90 100
90 115
91 0
91 55
91 94
91 108
92 5
92 8
92 11
92 15
92 24
92 33
92 40
92 52
92 58
92 62
92 64
92 68
92 74
92 81
92 90
92 106
92 110
92 118
93 2
93 21
93 28
93 36
93 38
93 50
93 72
93 76
93 85
93 88
93 97
93 102
93 116
94 4
94 9
94 13
94 16
94 18
94 30
94 34
94 42
94 45
94 60
94 63
94 68
94 70
94 79
94 92
94 107
94 110
95 0
95 40
95 52
95 54
95 57
95 82
95 113
96 7
96 19
96 33
96 47
96 63
96 66
96 78
96 80
96 86
96 89
96 96
96 100
96 102
96 104
96 108
96 116
96 118
97 10
97 13
97 25
97 50
97 72
97 74
97 106
98 0
98 4
98 19
98 28
98 37
98 43
98 48
98 52
98 55
98 64
98 76
98 80
98 86
98 93
98 108
98 110
98 117
99 32
99 40
99 58
99 84
99 97
99 103
99 112
100 12
100 18
100 29
100 38
100 49
100 55
100 62
100 69
100 73
100 78
100 86
100 89
100 100
100 107
100 114
100 118
101 0
101 2
101 10
101 46
101 60
101 64
101 81
102 22
102 26
102 29
102 37
102 42
102 44
102 52
102 57
102 90
102 94
102 104
102 115
103 7
103 18
103 33
103 48
103 50
103 76
103 86
104 2
104 28
104 38
104 44
104 46
104 68
104 80
104 96
104 100
104 104
104 109
105 10
105 13
105 16
105 23
105 36
105 40
105 56
105 66
105 92
105 117
106 6
106 8
106 20
106 28
106 31
106 44
106 48
106 50
106 75
106 79
106 85
106 94
106 103
106 110
107 38
107 42
107 61
107 64
107 71
107 89
107 99
108 1
108 4
108 6
108 22
108 28
108 33
108 44
108 48
108 51
108 75
108 79
108 94
108 96
108 110
108 118
109 8
109 14
109 20
109 36
109 46
109 84
110 1
110 10
110 16
110 18
110 25
110 40
110 44
110 53
110 56
110 58
110 62
110 64
110 68
110 72
110 74
110 81
110 94
110 108
110 110
110 115
111 29
111 34
111 48
111 77
111 97
111 100
111 103
112 2
112 32
112 36
112 38
112 41
112 44
112 55
112 58
112 60
112 62
112 64
112 66
112 73
112 80
112 83
112 88
112 91
112 106
113 6
113 15
113 21
113 94
113 108
113 110
113 114
114 2
114 8
114 36
114 40
114 46
114 54
114 58
114 62
114 74
114 76
114 79
114 82
114 88
114 92
114 96
114 98
114 102
114 106
114 118
115 11
115 25
115 33
115 44
115 48
115 56
115 68
115 84
116 1
116 14
116 17
116 30
116 36
116 52
116 71
116 78
116 87
116 90
116 92
116 94
116 97
116 100
116 103
116 107
116 116
117 6
117 22
117 28
117 39
117 59
117 66
117 74
117 76
117 82
117 111
117 114
118 2
118 17
118 25
118 32
118 34
118 44
118 49
118 63
118 68
118 78
118 80
118 89
118 97
118 103
118 106
118 108
118 117
